frame_id: head_mount_kinect2_rgb_optical_frame
height: 1080
width: 1920
distortion_model: plumb_bob
D: [0.03290440896069523, -0.01150995340145234, 0.0002028362220555376, 0.0009354335018635986, -0.02337728029975571]
K: [1052.667867276341, 0, 962.4130834944134, 0, 1052.020917785721, 536.2206151001486, 0, 0, 1]
R: [1, 0, 0, 0, 1, 0, 0, 0, 1]
P: [1052.667867276341, 0, 962.4130834944134, 0, 0, 1052.020917785721, 536.2206151001486, 0, 0, 0, 1, 0]
binning_x: 0
binning_y: 0
roi:
  x_offset: 0
  y_offset: 0
  height: 0
  width: 0
  do_rectify: False
